#setup
=========Alimentazione
V+=4.99
V-=5.08

C1=106
C2=107

R1=997
R2=985

========Pre amp

R1=989
R2=4.71e3
R3=67.9e3

#freq	vinintermedio	vout
120.3	348e-3	5.04
170.4	352e-3	5.04
271.1	348e-3	5.04
457.1	348e-3	5.04
742.8	348e-3	5.04
1.213e3	348e-3	5.04
2.113e3	348e-3	5.04
3.238e3	352e-3	5.12
5.269e3	348e-3	5.04
8.560e3	340e-3	4.80
13.95e3	316e-3	4.24
24.61e3	264e-3	2.92
44.84e3	188e-3	1.60
68.74e3	130e-3	0.960
112.61e3	88e-3	.432
210.6e3	49.6e-3	.152
431.2e3	26.4e-3	.048

#freq v_in v_intermedio

303.6	50.4e-3	2.48
557.4	89.6e-3	4.48
1.07e3	168e-3	8.6
2.111e3	174e-3	8.60
5.400e3	128e-3	6.16
6.400e3	138e-3	6.64
8.204e3	150e-3	7.12
10.85e3	160e-3	7.44
20.10e3	174e-3	6.80
38.79e3	178e-3	4.80
82.23e3	178e-3	2.52
157.2e3	178e-3	1.38
351.3e3	184e-3	0.568
516.4e3	184e-3	.328
		


=======Passa banda

R2=119.1
C1=10.78e-9
C2=10.67e-9
R1=2.68e3
R3=46.6e3


=======Post amp

R1=9.90e3
R2=33.2e3
R3=3.91e3


#freq	v_in	v_out
4.493	32.8e-3	1.30
4.708	32.4	1.54
4.923	33.6	1.88
5.190	34.4	2.48
5.395	34.8	3.12
5.595	36.0	4.08
5.845	37.6	5.92
5.948	37.6	6.48
6.127	38.0	7.04
6.267	39.2	6.72
6.367	39.2	6.16
6.547	39.2	5.04
6.736	39.2	4.16
6.961	40.8	3.32
7.189	41.6	2.76
7.546	40.8	2.16
7.925	42.4	1.84
8.135	42.4	1.68
8.413	42.4	1.50



==========Convertitore Rms

C1=113.9e-9
C2=9.03e-6
C3=496e-9

dati calibrazione:
Run1:
freq=995.2 Hz
V+=552e-3
V-=552e-3
media_in = 2.5+-0.5 e-3
V_out = 325e-3

Run2:
Vpp=592e-3
media_in=1.7e-3
Vout=159e-3

Run3:
Vpp=912e-3
media_in=3.6e-3
Vout=262e-3

Run4
Vpp=352e-3
media_in=2.5e-3
Vout=107e-3
Vrms_osil=122e-3


Run5
Vpp=240e-3
media_in=0.8e-3
Vout=72.1e-3
Vrms_osil=83.9e-3


Run6
Vpp=26.4e-3
media_in=0.8e-3
Vout=5.87e-3
Vrms_osil=8.38e-3


Run7
Vpp=88.0e-3
media_in=-1.5e-3
Vout=24.8e-3
Vrms_osil=29.8e-3

Run8
Vpp=4.80
media_in=-1+-2 e-3
Vout=1.39
Vrms_osil=1.64


Run6
Vpp=6.24
media_in=-27.4e-3
Vout=1.82
Vrms_osil=2.17


Run10
Vpp=8.40
media_in=+-2e-3
Vout=1.77
Vrms_osil=2.92

#misure finali

binaco	18.9	20.0	19.9	19.2	19.5	18.7	19.4


#resistenza	v_out
213e3	614	677	662	605	589	680	698
148e3	430	417	425	421	440	392	405
55.0e3	167	172	177	168	165	184	178
1.21e6	1896	1896	...
269e3	726	743	689	805	738	789	756
217e3	601	573	594	630	699	688	638
675e3	1480	1489	1501	1473	1482	1506	1468
811e3	1703	1715	1718	1695	1720	1731	1703
973e3	1894	...
458e3	1161	1240	1207	1147	1214	1198	1101
177e3	491	527	504	530	497	475	533
1490e3	1895...
118e3	328	357	369	351	338	356	342
378e6	1905 ...
333e3	905 887	891	899 942 970 958 825 935
391e3	1043	1101	1120	1023	1040	1088	1120



	 
 
